place(-10.27, 2.31, -34.63, "Militant", 600)
upgrade(-10.27, 3.66, -34.63, 300)
upgrade(-10.27, 3.66, -34.63, 850)
upgrade(-10.27, 3.66, -34.63, 2750)
place(-10.06, 2.79, -31.23, "Militant", 600)
upgrade(-10.06, 4.14, -31.23, 300)
upgrade(-10.06, 4.14, -31.23, 850)
upgrade(-10.06, 4.14, -31.23, 2750)
place(-10.06, 2.76, -28.71, "Militant", 600)
upgrade(-10.06, 4.11, -28.71, 300)
upgrade(-10.06, 4.11, -28.71, 850)
upgrade(-10.06, 4.11, -28.71, 2750)
place(-16.60, 2.47, -25.07, "Militant", 600)
upgrade(-16.60, 3.82, -25.07, 300)
upgrade(-16.60, 3.82, -25.07, 850)
upgrade(-16.60, 3.82, -25.07, 2750)
place(-16.61, 2.65, -28.53, "Militant", 600)
upgrade(-16.61, 4.00, -28.53, 300)
upgrade(-16.61, 4.00, -28.53, 850)
upgrade(-16.61, 4.00, -28.53, 2750)
place(-16.76, 2.42, -32.25, "Militant", 600)
upgrade(-16.76, 3.77, -32.25, 300)
upgrade(-16.76, 3.77, -32.25, 850)
upgrade(-16.76, 3.77, -32.25, 2750)
place(-17.05, 1.71, -36.09, "Militant", 600)
upgrade(-17.05, 3.06, -36.09, 300)
upgrade(-17.05, 3.06, -36.09, 850)
upgrade(-17.05, 3.06, -36.09, 2750)
place(-17.18, 1.48, -39.81, "Militant", 600)
upgrade(-17.18, 2.83, -39.81, 300)
upgrade(-17.18, 2.83, -39.81, 850)
upgrade(-17.18, 2.83, -39.81, 2750)
